[gd_scene load_steps=14 format=3 uid="uid://drx64dd1671kx"]

[ext_resource type="PackedScene" uid="uid://bcx6676u4ntbn" path="res://player.tscn" id="1_exnbs"]
[ext_resource type="PackedScene" uid="uid://bpaso24gkdman" path="res://box.tscn" id="1_p5eaj"]
[ext_resource type="ArrayMesh" uid="uid://cvredpxdg3gqk" path="res://Assets/Models/woodfloor.res" id="1_rktrs"]
[ext_resource type="PackedScene" uid="uid://g5h38tcssfuf" path="res://pill.tscn" id="2_6hm0o"]
[ext_resource type="Script" path="res://player.gd" id="2_rwj86"]
[ext_resource type="Texture2D" uid="uid://cadk1r6788ksd" path="res://icon.svg" id="5_6pplr"]
[ext_resource type="Script" path="res://Sprite3D.gd" id="6_edwdj"]
[ext_resource type="PackedScene" uid="uid://dovgky1sgalrr" path="res://goldcoin.tscn" id="8_m0xib"]
[ext_resource type="PackedScene" uid="uid://gctxn7wcye0t" path="res://silvercoin.tscn" id="9_h0hoy"]

[sub_resource type="BoxShape3D" id="BoxShape3D_bhagd"]
size = Vector3(10, 1, 10)

[sub_resource type="ProceduralSkyMaterial" id="ProceduralSkyMaterial_04ixg"]

[sub_resource type="Sky" id="Sky_tgrus"]
sky_material = SubResource("ProceduralSkyMaterial_04ixg")

[sub_resource type="Environment" id="Environment_fqipx"]
background_mode = 2
sky = SubResource("Sky_tgrus")
ambient_light_color = Color(0.425477, 0.477098, 1, 1)
reflected_light_source = 2

[node name="Level1" type="Node3D"]

[node name="Camera3D" type="Camera3D" parent="."]
transform = Transform3D(1, 0, 0, 0, 0.989016, 0.147809, 0, -0.147809, 0.989016, 0, 2, 6.35)

[node name="Floor" type="StaticBody3D" parent="."]
metadata/_edit_group_ = true

[node name="CollisionShape3D" type="CollisionShape3D" parent="Floor"]
shape = SubResource("BoxShape3D_bhagd")

[node name="MeshInstance3D" type="MeshInstance3D" parent="Floor"]
transform = Transform3D(0.5, 0, 0, 0, 0.5, 0, 0, 0, 0.5, 0, 0, 0)
mesh = ExtResource("1_rktrs")

[node name="SpotLight3D" type="SpotLight3D" parent="."]
transform = Transform3D(-3.67394e-08, 0.541811, -0.8405, 2.36833e-08, 0.8405, 0.541811, 1, 0, -4.37114e-08, -12.4528, 6.33031, 0.320476)
light_energy = 10.0
shadow_enabled = true
spot_range = 20.0

[node name="Obstacle" type="Node3D" parent="."]

[node name="Box3" parent="Obstacle" instance=ExtResource("1_p5eaj")]
transform = Transform3D(-0.540945, -0.757411, 0.36566, -0.703117, 0.645822, 0.297558, -0.461525, -0.0961395, -0.881902, -2.28395, 6.15887, 0)

[node name="Box" parent="Obstacle" instance=ExtResource("1_p5eaj")]
transform = Transform3D(0.866025, 0.5, 0, -0.5, 0.866025, 0, 0, 0, 1, 0, 5.01037, 0)

[node name="Box2" parent="Obstacle" instance=ExtResource("1_p5eaj")]
transform = Transform3D(-0.624372, -0.360481, -0.692974, -0.5, 0.866025, 0, 0.600133, 0.346487, -0.720962, 3.04069, 3.77321, 0)

[node name="Pill" parent="Obstacle" instance=ExtResource("2_6hm0o")]
transform = Transform3D(0.245686, -0.969309, -0.00891894, 0.646976, 0.170824, -0.743129, 0.721845, 0.176806, 0.669089, 0, 4.74396, 3.35017)

[node name="Player" parent="." instance=ExtResource("1_exnbs")]
transform = Transform3D(1, 0, 0, 0, 1, 0, 0, 0, 1, 0.241748, 8.98938, 2)
script = ExtResource("2_rwj86")

[node name="Sprite3D" type="Sprite3D" parent="."]
transform = Transform3D(1, 0, 0, 0, 1, 0, 0, 0, 1, 1.79804, 1.39717, 4.29894)
visible = false
texture = ExtResource("5_6pplr")
script = ExtResource("6_edwdj")

[node name="GoldCoin" parent="." instance=ExtResource("8_m0xib")]
transform = Transform3D(-4.37114e-08, 1, 0, -1, -4.37114e-08, 0, 0, 0, 1, 0.0148495, 0.853155, 4.49582)

[node name="WorldEnvironment" type="WorldEnvironment" parent="."]
environment = SubResource("Environment_fqipx")

[node name="SilverCoin" parent="." instance=ExtResource("9_h0hoy")]
transform = Transform3D(-4.37114e-08, 1, 0, -1, -4.37114e-08, 0, 0, 0, 1, 1.90743, 0.853, 3.3681)
